INFORMATION_NEED 107-2
precision 0,556
recall 0,362
F1 0,439
prec@10 0,900
average_precision 0,776
recall_precision
0,014 1,000
0,029 1,000
0,043 1,000
0,058 0,800
0,072 0,833
0,087 0,857
0,101 0,875
0,116 0,889
0,130 0,900
0,145 0,833
0,159 0,846
0,174 0,857
0,188 0,813
0,203 0,824
0,217 0,789
0,232 0,800
0,246 0,708
0,261 0,643
0,275 0,655
0,290 0,606
0,304 0,553
0,319 0,564
0,333 0,575
0,348 0,585
0,362 0,595
interpolated_recall_precision
0,000 1,000
0,100 0,900
0,200 0,824
0,300 0,595
0,400 0,000
0,500 0,000
0,600 0,000
0,700 0,000
0,800 0,000
0,900 0,000
1,000 0,000

INFORMATION_NEED 109-2
precision 0,222
recall 0,263
F1 0,241
prec@10 0,400
average_precision 0,546
recall_precision
0,026 1,000
0,053 1,000
0,079 1,000
0,105 0,500
0,132 0,385
0,158 0,286
0,184 0,318
0,211 0,348
0,237 0,375
0,263 0,244
interpolated_recall_precision
0,000 1,000
0,100 0,500
0,200 0,375
0,300 0,000
0,400 0,000
0,500 0,000
0,600 0,000
0,700 0,000
0,800 0,000
0,900 0,000
1,000 0,000

INFORMATION_NEED 105-5
precision 0,333
recall 0,500
F1 0,400
prec@10 0,600
average_precision 0,606
recall_precision
0,033 1,000
0,067 0,500
0,100 0,600
0,133 0,667
0,167 0,714
0,200 0,667
0,233 0,636
0,267 0,667
0,300 0,692
0,333 0,526
0,367 0,500
0,400 0,500
0,433 0,500
0,467 0,467
0,500 0,455
interpolated_recall_precision
0,000 1,000
0,100 0,714
0,200 0,692
0,300 0,526
0,400 0,500
0,500 0,455
0,600 0,000
0,700 0,000
0,800 0,000
0,900 0,000
1,000 0,000

INFORMATION_NEED 106-4
precision 0,622
recall 0,528
F1 0,571
prec@10 0,600
average_precision 0,702
recall_precision
0,019 0,500
0,038 0,667
0,057 0,750
0,075 0,800
0,094 0,833
0,113 0,750
0,132 0,636
0,151 0,667
0,170 0,692
0,189 0,714
0,208 0,733
0,226 0,750
0,245 0,722
0,264 0,737
0,283 0,750
0,302 0,762
0,321 0,739
0,340 0,750
0,358 0,679
0,377 0,690
0,396 0,677
0,415 0,688
0,434 0,697
0,453 0,667
0,472 0,658
0,491 0,650
0,509 0,643
0,528 0,651
interpolated_recall_precision
0,000 0,833
0,100 0,762
0,200 0,762
0,300 0,762
0,400 0,697
0,500 0,651
0,600 0,000
0,700 0,000
0,800 0,000
0,900 0,000
1,000 0,000

INFORMATION_NEED 208-1
precision 0,089
recall 0,085
F1 0,087
prec@10 0,200
average_precision 0,342
recall_precision
0,021 0,500
0,043 0,400
0,064 0,231
0,085 0,235
interpolated_recall_precision
0,000 0,500
0,100 0,000
0,200 0,000
0,300 0,000
0,400 0,000
0,500 0,000
0,600 0,000
0,700 0,000
0,800 0,000
0,900 0,000
1,000 0,000

TOTAL
precision 0,364
recall 0,348
F1 0,356
prec@10 0,540
MAP 0,594
interpolated_recall_precision
0,000 0,867
0,100 0,575
0,200 0,531
0,300 0,377
0,400 0,239
0,500 0,221
0,600 0,000
0,700 0,000
0,800 0,000
0,900 0,000
1,000 0,000
