INFORMATION_NEED 107-2
precision 0,556
recall 0,362
F1 0,439
prec@10 0,800
average_precision 0,788
recall_precision
0,014 1,000
0,029 1,000
0,043 1,000
0,058 1,000
0,072 1,000
0,087 0,857
0,101 0,875
0,116 0,889
0,130 0,818
0,145 0,833
0,159 0,846
0,174 0,857
0,188 0,813
0,203 0,824
0,217 0,789
0,232 0,762
0,246 0,680
0,261 0,692
0,275 0,655
0,290 0,625
0,304 0,618
0,319 0,595
0,333 0,575
0,348 0,545
0,362 0,556
interpolated_recall_precision
0,000 1,000
0,100 0,889
0,200 0,824
0,300 0,618
0,400 0,000
0,500 0,000
0,600 0,000
0,700 0,000
0,800 0,000
0,900 0,000
1,000 0,000

INFORMATION_NEED 105-5
precision 0,222
recall 0,333
F1 0,267
prec@10 0,500
average_precision 0,600
recall_precision
0,033 1,000
0,067 1,000
0,100 0,750
0,133 0,667
0,167 0,714
0,200 0,500
0,233 0,368
0,267 0,348
0,300 0,333
0,333 0,323
interpolated_recall_precision
0,000 1,000
0,100 0,750
0,200 0,500
0,300 0,323
0,400 0,000
0,500 0,000
0,600 0,000
0,700 0,000
0,800 0,000
0,900 0,000
1,000 0,000

INFORMATION_NEED 106-4
precision 0,000
recall 0,000
F1 NaN
prec@10 0,000
average_precision NaN
recall_precision
interpolated_recall_precision
0,000 0,000
0,100 0,000
0,200 0,000
0,300 0,000
0,400 0,000
0,500 0,000
0,600 0,000
0,700 0,000
0,800 0,000
0,900 0,000
1,000 0,000

INFORMATION_NEED 208-1
precision 0,089
recall 0,085
F1 0,087
prec@10 0,100
average_precision 0,102
recall_precision
0,021 0,143
0,043 0,071
0,064 0,097
0,085 0,098
interpolated_recall_precision
0,000 0,143
0,100 0,000
0,200 0,000
0,300 0,000
0,400 0,000
0,500 0,000
0,600 0,000
0,700 0,000
0,800 0,000
0,900 0,000
1,000 0,000

TOTAL
precision 0,217
recall 0,195
F1 0,205
prec@10 0,350
MAP NaN
interpolated_recall_precision
0,000 0,536
0,100 0,410
0,200 0,331
0,300 0,235
0,400 0,000
0,500 0,000
0,600 0,000
0,700 0,000
0,800 0,000
0,900 0,000
1,000 0,000
