INFORMATION_NEED 107-2
precision 0,689
recall 0,449
F1 0,544
prec@10 0,900
average_precision 0,842
recall_precision
0,014 1,000
0,029 1,000
0,043 1,000
0,058 1,000
0,072 1,000
0,087 1,000
0,101 1,000
0,116 1,000
0,130 1,000
0,145 0,909
0,159 0,786
0,174 0,800
0,188 0,813
0,203 0,824
0,217 0,833
0,232 0,800
0,246 0,810
0,261 0,818
0,275 0,792
0,290 0,800
0,304 0,808
0,319 0,815
0,333 0,767
0,348 0,706
0,362 0,714
0,377 0,703
0,391 0,711
0,406 0,718
0,420 0,725
0,435 0,732
0,449 0,721
interpolated_recall_precision
0,000 1,000
0,100 1,000
0,200 0,833
0,300 0,815
0,400 0,732
0,500 0,000
0,600 0,000
0,700 0,000
0,800 0,000
0,900 0,000
1,000 0,000

INFORMATION_NEED 109-2
precision 0,444
recall 0,526
F1 0,482
prec@10 0,800
average_precision 0,816
recall_precision
0,026 1,000
0,053 1,000
0,079 1,000
0,105 1,000
0,132 1,000
0,158 1,000
0,184 1,000
0,211 0,800
0,237 0,818
0,263 0,769
0,289 0,786
0,316 0,750
0,342 0,765
0,368 0,737
0,395 0,682
0,421 0,667
0,447 0,680
0,474 0,692
0,500 0,633
0,526 0,541
interpolated_recall_precision
0,000 1,000
0,100 1,000
0,200 0,818
0,300 0,765
0,400 0,692
0,500 0,633
0,600 0,000
0,700 0,000
0,800 0,000
0,900 0,000
1,000 0,000

INFORMATION_NEED 105-5
precision 0,400
recall 0,600
F1 0,480
prec@10 0,700
average_precision 0,601
recall_precision
0,033 1,000
0,067 0,667
0,100 0,750
0,133 0,800
0,167 0,714
0,200 0,750
0,233 0,700
0,267 0,615
0,300 0,643
0,333 0,667
0,367 0,550
0,400 0,462
0,433 0,433
0,467 0,412
0,500 0,429
0,533 0,421
0,567 0,415
0,600 0,400
interpolated_recall_precision
0,000 1,000
0,100 0,800
0,200 0,750
0,300 0,667
0,400 0,462
0,500 0,429
0,600 0,400
0,700 0,000
0,800 0,000
0,900 0,000
1,000 0,000

INFORMATION_NEED 106-4
precision 0,511
recall 0,434
F1 0,469
prec@10 0,600
average_precision 0,688
recall_precision
0,019 1,000
0,038 1,000
0,057 1,000
0,075 1,000
0,094 1,000
0,113 1,000
0,132 0,467
0,151 0,500
0,170 0,529
0,189 0,556
0,208 0,579
0,226 0,571
0,245 0,565
0,264 0,583
0,283 0,600
0,302 0,615
0,321 0,630
0,340 0,643
0,358 0,655
0,377 0,645
0,396 0,618
0,415 0,537
0,434 0,535
interpolated_recall_precision
0,000 1,000
0,100 1,000
0,200 0,655
0,300 0,655
0,400 0,537
0,500 0,000
0,600 0,000
0,700 0,000
0,800 0,000
0,900 0,000
1,000 0,000

INFORMATION_NEED 208-1
precision 0,356
recall 0,340
F1 0,348
prec@10 0,800
average_precision 0,683
recall_precision
0,021 1,000
0,043 1,000
0,064 1,000
0,085 1,000
0,106 1,000
0,128 0,857
0,149 0,778
0,170 0,800
0,191 0,563
0,213 0,556
0,234 0,423
0,255 0,444
0,277 0,448
0,298 0,359
0,319 0,349
0,340 0,356
interpolated_recall_precision
0,000 1,000
0,100 1,000
0,200 0,556
0,300 0,356
0,400 0,000
0,500 0,000
0,600 0,000
0,700 0,000
0,800 0,000
0,900 0,000
1,000 0,000

TOTAL
precision 0,480
recall 0,470
F1 0,475
prec@10 0,760
MAP 0,726
interpolated_recall_precision
0,000 1,000
0,100 0,960
0,200 0,722
0,300 0,651
0,400 0,484
0,500 0,212
0,600 0,080
0,700 0,000
0,800 0,000
0,900 0,000
1,000 0,000
