INFORMATION_NEED 107-2
precision 0,556
recall 0,362
F1 0,439
prec@10 0,800
average_precision 0,788
recall_precision
0,014 1,000
0,029 1,000
0,043 1,000
0,058 1,000
0,072 1,000
0,087 0,857
0,101 0,875
0,116 0,889
0,130 0,818
0,145 0,833
0,159 0,846
0,174 0,857
0,188 0,813
0,203 0,824
0,217 0,789
0,232 0,762
0,246 0,680
0,261 0,692
0,275 0,655
0,290 0,625
0,304 0,618
0,319 0,595
0,333 0,575
0,348 0,545
0,362 0,556
interpolated_recall_precision
0,000 1,000
0,100 0,889
0,200 0,824
0,300 0,618
0,400 0,000
0,500 0,000
0,600 0,000
0,700 0,000
0,800 0,000
0,900 0,000
1,000 0,000

INFORMATION_NEED 109-2
precision 0,333
recall 0,395
F1 0,361
prec@10 1,000
average_precision 0,905
recall_precision
0,026 1,000
0,053 1,000
0,079 1,000
0,105 1,000
0,132 1,000
0,158 1,000
0,184 1,000
0,211 1,000
0,237 1,000
0,263 1,000
0,289 0,917
0,316 0,923
0,342 0,684
0,368 0,560
0,395 0,484
interpolated_recall_precision
0,000 1,000
0,100 1,000
0,200 1,000
0,300 0,923
0,400 0,000
0,500 0,000
0,600 0,000
0,700 0,000
0,800 0,000
0,900 0,000
1,000 0,000

INFORMATION_NEED 105-5
precision 0,244
recall 0,367
F1 0,293
prec@10 0,500
average_precision 0,464
recall_precision
0,033 0,500
0,067 0,667
0,100 0,750
0,133 0,667
0,167 0,500
0,200 0,400
0,233 0,350
0,267 0,381
0,300 0,391
0,333 0,244
0,367 0,250
interpolated_recall_precision
0,000 0,750
0,100 0,750
0,200 0,400
0,300 0,250
0,400 0,000
0,500 0,000
0,600 0,000
0,700 0,000
0,800 0,000
0,900 0,000
1,000 0,000

INFORMATION_NEED 106-4
precision 0,556
recall 0,472
F1 0,510
prec@10 0,600
average_precision 0,695
recall_precision
0,019 1,000
0,038 1,000
0,057 1,000
0,075 0,571
0,094 0,625
0,113 0,600
0,132 0,636
0,151 0,667
0,170 0,643
0,189 0,667
0,208 0,688
0,226 0,706
0,245 0,722
0,264 0,737
0,283 0,682
0,302 0,696
0,321 0,708
0,340 0,720
0,358 0,633
0,377 0,625
0,396 0,636
0,415 0,647
0,434 0,605
0,453 0,615
0,472 0,556
interpolated_recall_precision
0,000 1,000
0,100 0,737
0,200 0,737
0,300 0,720
0,400 0,647
0,500 0,000
0,600 0,000
0,700 0,000
0,800 0,000
0,900 0,000
1,000 0,000

INFORMATION_NEED 208-1
precision 0,067
recall 0,064
F1 0,065
prec@10 0,000
average_precision 0,075
recall_precision
0,021 0,048
0,043 0,087
0,064 0,091
interpolated_recall_precision
0,000 0,091
0,100 0,000
0,200 0,000
0,300 0,000
0,400 0,000
0,500 0,000
0,600 0,000
0,700 0,000
0,800 0,000
0,900 0,000
1,000 0,000

TOTAL
precision 0,351
recall 0,332
F1 0,341
prec@10 0,580
MAP 0,585
interpolated_recall_precision
0,000 0,768
0,100 0,675
0,200 0,592
0,300 0,502
0,400 0,129
0,500 0,000
0,600 0,000
0,700 0,000
0,800 0,000
0,900 0,000
1,000 0,000
